1
2
3
4
5
6
7
8
9
10
11
12
13
14
15
16
17
18
19
20
21
22
23
24
25
26
27
28
29
30
31
1
2
3
4
5
6
7
8
9
10
11
12
13
14
15
16
17
18
19
20
21
22
23
24
25
26
27
28
29
30
31
1
2
3
4
5
6
7
8
9
10
11
12
13
14
15
16
17
18
19
20
21
22
23
24
25
26
27
28
29
30
31
1
2
3
4
5
6
7
8
9
10
11
12
13
14
15
16
17
18
19
20
21
22
23
24
25
26
27
28
29
30
31
1
2
3
4
5
6
7
8
9
10
11
12
13
14
15
16
17
18
19
20
21
22
23
24
25
26
27
28
29
30
31
1
2
3
4
5
6
7
8
9
10
11
12
13
14
15
16
17
18
19
20
21
22
23
24
25
26
27
28
29
30
31
1
2
3
4
5
6
7
8
9
10
11
12
13
14
15
16
17
18
19
20
21
22
23
24
25
26
27
28
29
30
31
1
2
3
4
5
6
7
8
9
10
11
12
13
14
15
16
17
18
19
20
21
22
23
24
25
26
27
28
29
30
31
1
2
3
4
5
6
7
8
9
10
11
12
13
14
15
16
17
18
19
20
21
22
23
24
25
26
27
28
29
30
31
1
2
3
4
5
6
7
8
9
10
11
12
13
14
15
16
17
18
19
20
21
22
23
24
25
26
27
28
29
30
31
1
2
3
4
5
6
7
8
9
10
11
12
13
14
15
16
17
18
19
20
21
22
23
24
25
26
27
28
29
30
31
1
2
3
4
5
6
7
8
9
10
11
12
13
14
15
16
17
18
19
20
21
22
23
24
25
26
27
28
29
30
31
2019-02-1
2019-02-2
2019-02-3
2019-02-4
2019-02-5
2019-02-6
2019-02-7
2019-02-8
2019-02-9
2019-02-10
2019-02-11
2019-02-12
2019-02-13
2019-02-14
2019-02-15
2019-02-16
2019-02-17
2019-02-18
2019-02-19
2019-02-20
2019-02-21
2019-02-22
2019-02-23
2019-02-24
2019-02-25
2019-02-26
2019-02-27
2019-02-28
2020-02-1
2020-02-2
2020-02-3
2020-02-4
2020-02-5
2020-02-6
2020-02-7
2020-02-8
2020-02-9
2020-02-10
2020-02-11
2020-02-12
2020-02-13
2020-02-14
2020-02-15
2020-02-16
2020-02-17
2020-02-18
2020-02-19
2020-02-20
2020-02-21
2020-02-22
2020-02-23
2020-02-24
2020-02-25
2020-02-26
2020-02-27
2020-02-28
2021-02-1
2021-02-2
